1952539233
3915539041
1768907361
1953456737
1769103969
1937072737
1969447777
6644577
1936024417
3916260193
3916325729
1852793697
1701995361
1701995490
1635017569
1702126433
3916325985
1936680033
1701111905
1634920801
3916622177
1702029409
1852401249
1869768289
6645730
15296482
1709795298
1936025570
1944676322
1634232161
6907745
1869178721
1919510369
1936287585
1953064801
1961781089
1769301857
26721
1851877473
26977
61281
1633970529
1701079393
3915671905
6646113
1936025953
1969711457
7104865
1701603681
3916196193
1936484705
1634560353
1701669217
3916261729
1701734753
3916361313
7498081
1634888033
1701996897
3916589409
1936877921
7563617
7597921
1702062433
3916654945
2037606753
7629153
6646881
1642687585
1936026721
1634102369
1634495585
3916196961
4100746337
1768909921
1701866593
1869900897
1853189217
1935764833
6647266
1852140897
1919249761
1936027106
6909281
1701408097
1936289121
4017450337
28257
6385249
1818324577
6647522
1936027362
1701277281
1936289377
1852796642
7564897
1702063713
3916656225
1702129249
1937075809
1962635105
2019913825
6910049
1936289889
1701998818
1702129761
6386273
1935766113
6517345
1935897185
1969517153
6648417
1667592801
1936028257
1634300513
1634562657
1701671521
3916264033
7565921
7631457
1937011297
1836413537
29537
1701868385
1702064993
1769239393
1701999842
30049
1700951393
1701279073
1701737825
1634891105
1869903201
7894369
1818326625
15300161
1667593825
1852143201
1969583713
2053469793
1936291425
6387809
1767995489
1935767649
1960999009
6649953
15300705
1709799521
1919252577
1936029793
1944680545
2053470305
1936291937
2053470561
1920301665
1633837410
2036490594
6512994
1935892834
6840674
6906210
1701405026
1818845538
1852399970
1936286050
7102818
1936482658
7233890
1668178274
1735287138
1936613730
7496034
1685217634
1852989794
1936875874
7561570
1634951522
1702060386
3916652898
7627106
1635050082
1702158946
3916751458
1752457570
1769267810
1937006946
1685414242
2020958562
1635148130
1702256994
3916849506
1635344738
1702453602
3917046114
6416738
1768024418
1935796578
1952573794
1961027938
1969317218
3915573602
6514018
1935893858
6678882
1919281506
1936058722
2053499234
1969744226
3916163426
7103842
1634527842
1701636706
3916229218
7234914
1768876386
7497058
1936876898
1635052130
1702160994
1920296290
7955810
1937335650
1768057186
6515042
1935894882
1701079394
1717922146
1852139874
1634494818
1701603682
3916196194
1819044194
1634625890
1701734754
3916327266
7563618
1634953570
1702062434
3916654946
7629154
1635019106
1702127970
3916720482
1937008994
15297634
1684368482
1944677474
1952803938
1969581154
1668246626
6385506
1935765346
6451042
1868722018
1935830882
1801678690
6713186
1936289634
1953066850
7106402
1936486242
1701704802
7237474
1684959074
1768845154
1936617314
1836019554
7368546
1634889570
1685221218
1701998434
1953656674
1936944994
7630690
1702129506
1937010530
1668640610
1702195042
1836412770
1937076066
1953853282
7892834
1635282786
1702391650
3916984162
7958370
1937338210
1767993954
1851880034
1935766114
1717924450
1667854946
1701409378
1852404322
1869181538
1936290402
1668248162
1970238050
1920103010
7696994
1769304674
1853190754
1937076834
1953854050
30050
6649186
1709798754
1936029026
1936291170
1634628962
1701999970
7566690
1668511074
1702065506
1752397154
7632226
7666530
1635022178
1702131042
3916723554
1937012066
6650210
25063
57575
6447459
1935827299
1633902947
1701077347
1768186211
3915800931
1701273955
1693409635
1701536099
7102819
1634492771
1701601635
3916194147
1718378851
1869373795
1936482659
1701667171
1886216547
1634623843
1701732707
3916325219
7364963
1701863779
1936744803
7496035
1769103715
1936875875
7561571
1634951523
1702060387
3916652899
1752392035
1769234787
1635148131
1702256995
3916849507
25443
25955
1768121699
1634003299
3915704675
1701111907
1634493795
3916195171
1701636195
1701767267
1936614755
1953391971
7365987
1701898339
1936745827
1718773091
7562595
7628131
2020959587
26211
26467
26723
1751214179
1767991395
1918986339
1935763555
1952540771
1717921891
1919248483
2053466211
1634297955
1667852387
1701406819
3915999331
1668245603
1970235491
7694435
1702193251
1937074275
1953851491
1962633315
26979
1868654947
1818585443
7104867
1936484707
1701669219
3916327267
1903061347
1634888035
1701996899
3916589411
1635019107
1702127971
3916720483
27747
1835101283
1851878499
15297635
1717922915
1944677475
1667853411
1852402787
1885957219
1936682083
1962175587
1970236515
1651862627
28003
1633906531
1868787555
1969450851
1633972067
1701080931
3915673443
6909795
1852403555
1936289635
1961848675
1701539683
7106403
1634496355
1936486243
1953263459
1634561891
7237475
1701770339
1768879203
1936617315
1819242339
7434083
1936813923
7499619
1936879459
2037608291
1635020643
1702129507
3916722019
1702163555
3916756067
1769238371
7696227
1685417827
1886744419
1920298851
1937076067
1962635107
1667330659
1851880035
1642689123
1709797987
3924390499
6910563
1634300515
1667854947
1701409379
3916001891
1852404323
1936290403
1668248163
7696995
16478819
1702195811
1937076835
1945858659
1953854051
1962635875
1633842531
1700951395
3915543907
1919513955
1936291171
1953068387
7107939
1634497891
1701606755
3916199267
1936487779
1634891107
1701999971
3916592483
1635153251
1702262115
3916854627
1851881827
1918990947
1633968484
1835622756
1936286052
7168356
1634558308
1701667172
3916259684
7233892
1936613732
1685217636
1635017060
1702125924
3916718436
25956
59748
3773261156
1633937764
1768155492
1978132836
1768352100
3765102948
3765200228
1701701732
1768777060
1768876388
1953391972
7399780
7497060
7562596
7596388
7596132
2020959588
7955812
1937335652
26468
6383972
1868786020
1969580388
1701703268
1634659940
1701768804
3916361316
1735289188
1634888036
1701996900
7563620
1702062436
7629156
7663204
1702127972
1869900132
1937008996
7760228
1635150180
7891300
27748
28004
28516
1801678692
1868853092
1969516388
1701277540
1936289636
1953066852
7106404
1634496356
1701605220
3916197732
1936486244
7171940
1701704804
7237476
1668181860
1936617316
1953394532
1634758500
1701867364
3916459876
1634889572
1701998436
3916590948
1936879460
1953656676
7565156
1634955108
1702063972
3916656484
7630692
1635020644
1702129508
3916722020
1937010532
1635086180
1702195044
3916787556
1836412772
2020962148
1885434468
1886351972
7696996
1702195812
1937076836
7959140
30052
64356
1818326372
6518116
1701016932
1935897956
6649188
1818588516
1936029028
1953068388
1701737828
7304548
1936684388
1634760036
1701868900
3916461412
7501156
1634891108
1701999972
3916592484
1936880996
7566692
7600996
7632228
7666532
7692645
2020958565
1952539369
1701340136
1869112297
1969775593
1953457129
1970430953
7693289
1937073129
1835099369
1852138729
1953064169
1818322921
7300965
26725
1851878633
1701211237
1936289001
1953066217
1701604453
7695593
1702194409
1937075433
1953852649
1962634473
1969384805
6647272
1952804329
1969581545
1634299369
1701408233
3916000745
1919512041
1936289257
1953066473
1961782761
1768910313
1970236905
7695849
1702194665
1937075689
1953852905
1962634729
28261
1635020389
1702129253
3916721765
7237609
1936617449
1918988521
1709797609
6910185
1634300137
1701409001
3916001513
1936290025
6648552
1936028392
6779493
1936159333
1936683753
1634890341
1701999205
3916591717
29541
29672
1702064997
7631717
29797
1767994601
1818326249
1952543977
1969321193
6517861
15299817
1944679657
1936028906
1668248809
1701999850
1769305321
30053
6649189
1936029029
6845797
1869772133
7566693
7632229
7666533
7894373
30821
1818851429
1953069157
24934
1701011814
1633968486
1701077350
3915669862
1868849510
1835622758
1936286054
1953063270
3916259686
1634623846
1701732710
3916325222
1852793190
7496038
1685217638
1869767014
1936875878
1953653094
7627110
1937006950
1953849702
2020958566
7889254
1635279206
1702388070
3916980582
1818356070
6678886
1936058726
1634527846
1701636710
3916229222
1684956518
7497062
1634887014
1634920806
1936876902
1970465126
1635052134
1702160998
3916753510
1970596198
7693670
1702192486
1937073510
2020959590
1702291558
8021350
26982
6383974
1767991654
1935763814
1952541030
1960995174
6515046
1935894886
6646118
15296870
1709795686
1717922150
1818585446
1919248742
1936025958
1944676710
1969580390
2053466470
6777190
1701276006
3915868518
7104870
1634494822
1701603686
3916196198
1835821414
1936484710
7235942
1701734758
1768843622
1936615782
1852795238
7563622
1668508006
7629158
7663206
1635281254
1702390118
3916982630
6384742
1667329126
1851878502
1667853414
1668246630
1886350438
1953459302
1970236518
1635085414
1702194278
3916786790
2020961382
6516582
1935896422
6909798
1701408614
1852403558
1936289638
7106406
1802268518
1936486246
1684959078
1953394534
1953460070
7499622
1634889574
1701998438
3916590950
1936879462
1953656678
7696230
1769303910
1920298854
1937076070
1953853286
7892838
3916984166
1667330662
1767993958
1952805478
1667854950
1936290406
1953067622
1961783910
1668248166
1818588518
6911334
1701410150
1919513958
1936291174
1953068390
1961784678
1819047270
1634563430
1701672294
3916264806
7501158
7566694
1634956646
1702065510
3916658022
7632230
7666534
3916723558
1937046374
1701077351
6775143
1634165095
1701273959
3915866471
1936154983
6906215
1701405031
1852399975
1936286055
7102823
1634492775
1701601639
1936482663
1735287143
1953390951
7364967
1936744807
1634885991
1701994855
3916587367
1936875879
1635050087
1702158951
3916751463
1920295271
1635148135
1702256999
3916849511
7954791
1937334631
8020327
1635410279
1702519143
3917111655
1767990631
7103847
1634493799
3916195175
1701636199
1936483687
1768810855
1634658919
1701767271
1701767783
3916360295
1936614759
1953391975
1634920807
3916622183
1702029415
7235943
1936615783
1819437415
7563623
7663207
1635053159
1702162023
3916754535
1935764583
7695463
1769303143
1937075303
1852796519
1970237031
28519
1818324839
1633840999
1700949863
3915542375
1633972071
1701080935
3915673447
1869049703
15691623
1844408167
1718382439
1684959079
1735290727
1685221223
1836412775
1920298855
1962635111
7958375
1935766119
1969320551
15299175
1642689127
1667592807
1709797991
3924390503
1944613479
1818849895
1936290407
1735357031
1936683623
1702195815
1767994727
15299943
1642689895
1709798759
3924391271
1944679783
1952806247
6911335
1936291175
1970435431
7566695
1936946535
7174503
1936554343
24936
15688040
1701405032
1710186856
1810850152
1928290664
1936286056
1945067880
1953063272
1961845096
1634492776
1634525800
1701601640
3916194152
1701634664
3916227176
1819042152
1869373800
7233896
1869767016
1953653096
1702060392
1953718632
1635050088
1702158952
3916751464
1953849704
1635148136
1702257000
3916849512
1702290024
1769365864
59752
1852401000
1634527592
3916228968
1701636200
7169384
7365992
1702029416
7693672
1920296296
26984
6515048
6646120
1919248744
1936025960
28520
1919512424
3765202792
1701670760
1869442920
7368552
1936879464
1702163560
7696232
1635086184
1702195048
3916787560
1886744424
2020962152
6387048
1767994728
1935766888
1960998248
6649192
15299944
1709798760
1919251816
1936029032
1944679784
2053469544
6911336
1936291176
1953068392
7173480
1634563432
1701672296
3916264808
1701737832
1701999976
1936286313
6906729
6644841
1709794409
1835361385
1936024681
26217
7562857
3916326761
1702193001
27753
6647022
1936026862
1953459438
7564393
1835101545
1969384809
28265
1633906281
1701080681
1969516137
3916328553
2020568681
1970499177
1769238121
1633972073
1701080937
3915673449
7237481
1936617321
1635020649
6386281
1767993961
1935766121
6648425
1936028265
2053468777
1936290409
1633842025
1970500457
1835365481
1970238569
1701606761
6649449
1936029289
1702000233
1634302057
1801675114
1701077354
1861181802
1936286058
1701601642
7233898
1936613738
1986945386
7496042
1936875882
7561578
1634951530
1702060394
3916652906
1635148138
2054840682
25962
1851876714
1885693290
1802659178
7628138
1635018090
3916719466
1937007978
7693674
1853187434
2020959594
6451050
1935830890
1701408618
1768714090
1668181866
1635020650
1635086186
1702195050
3916787562
1735749482
1769303914
1920298858
3915543914
1868854634
1701279082
3915871594
1718187370
1852405098
1701868906
1634891114
1701999978
3916592490
2037544298
7566698
1635022186
1702131050
3916723562
1768644971
1768710507
1768776043
7233899
1936613739
1953653099
1635148139
1635213675
1769007467
26475
1851877483
1952540779
1827956843
1801677163
1717922155
6711659
1936091499
1768647019
7104875
1869375851
1936484715
1953261931
7498091
1936877931
7629163
1937009003
1769433451
28011
1634496363
3933368171
1801548395
1918989163
6910827
1935767147
1935767403
24940
57452
6513004
1642553708
1701011820
3915604332
1935892844
6578540
1935958380
2036621676
6906220
1676632428
1684627820
1701405036
1936286060
1953063276
1634558316
1701667180
3916259692
1684955468
1634754924
1701863788
3916456300
1936744812
1685217644
7561580
7627116
1635148140
1702257004
3916849516
1635344748
1702453612
3917046124
25964
1701308524
1936156012
6907244
1953391980
7562604
7596140
1634986348
3916687724
1702094956
1953719660
7628140
7693676
1920296300
7759212
1635149164
3916850540
1702291564
26988
6383980
1767991660
1935763820
1960995180
1701013868
1868851564
6646124
15296876
1684367724
1709795692
1852139884
1919248748
1936025964
1944676716
1969580396
2053466476
1952868716
1701276012
1634560364
1701669228
3916261740
7235948
1869506924
1852795244
1634888044
1701996908
7563628
1702062444
7629164
1635019116
1702127980
3916720492
1937009004
1702259052
6451052
1633841004
1700949868
3915542380
1935830892
1751347052
1935961964
6713196
1634103148
1701212012
3915804524
1936093036
1952870252
1701277548
3915870060
1869049708
6909804
1852403564
1919512428
1936289644
1869377388
1735290732
1802465132
1685221228
1769107308
1936879468
7630700
1702129516
1769238380
1869901676
1937010540
1635086188
1702195052
3916787564
1886744428
1635151724
1702260588
3916853100
30060
6649196
1936029036
1701279084
3915871596
6911340
1936291180
1953068396
1970042220
1886221676
1701737836
3916330348
7566700
7632236
7666540
1635022188
1702131052
3916723564
1752462700
7894380
1635284332
1702393196
3916985708
2020505964
1702001004
7567724
1634957676
1702066540
3916659052
24941
6513005
1751343437
1935892845
1701273965
6906221
1643077997
1701405037
1818845549
1852399981
1936286061
1945067885
1768644973
7102829
1701634669
1768710509
1953259885
7233901
1634623853
1936613741
1668440429
1701994861
1769103725
1802658157
1936875885
7627117
7660141
1635017069
1635050093
1702125933
3916718445
1702158957
3916751469
1752457581
1769234797
1937006957
1937039981
2020958573
7889261
1635344749
1702453613
25965
1952573805
6514029
1935893869
1701111917
1768417645
1634527853
1701636717
3916229229
1869408621
3916294509
1701702253
7234925
1634624877
3916326253
1701767277
1936614765
1953391981
1970169197
7497069
1702029421
1936876909
7562605
1634952557
1936942445
7628141
1635051885
1937007981
1937073517
1953850733
26477
26989
1633905005
1768188269
6646125
1818585453
1852139885
1936025965
7104877
1701603693
1936484717
1634560365
1701669229
3916261741
1768778093
7235949
1634625901
1701734765
3916327277
1768843629
7498093
1634888045
1701996909
3916589421
1869769069
1936877933
7563629
1634953581
1702062445
3916654957
1936943469
7629165
7663213
1635019117
1702127981
3916720493
1635281261
1702390125
3916982637
1868787565
1701080941
6909805
1936289645
1634430829
7106413
1701639277
1936486253
2037149549
1701704813
7237485
1869508461
1953394541
1685221229
1701998445
1953656685
7630701
1869901677
1937010541
7696237
1685417837
1702195053
1937076077
1962635117
1635282797
3917049709
29549
30061
64365
6387053
1767994733
1935766893
1960998253
6649197
15299949
1709798765
1919251821
1936029037
1944679789
1952806253
2053469549
1701279085
1768387949
1684632941
1701606765
1768846701
7501165
7535469
1634891117
1701999981
3916592493
1702034285
1769143149
1936881005
1936915309
7566701
1634956653
1668511085
1702065517
3916658029
1953723757
7632237
7666541
1635022189
1702131053
3916723565
24942
3915800942
1701273966
3915866478
1726964078
1852399982
1936286062
1961779566
1634361710
1634623854
1936679278
1685217646
1702060398
1769628014
25966
59758
1801676142
6678894
1936058734
6710638
1936090478
3916360046
7334254
1852828014
1718773102
7596398
7628142
1937007982
1718969710
3916884334
8021358
26990
6383982
1767991662
1935763822
1960995182
6449518
6580590
1935960430
6646126
15296878
1709795694
1919248750
1936025966
1944676718
2053466478
6711662
1701210478
1936091502
1702390126
62574
1701015406
1827368782
1701408622
1919512430
2020175726
7171950
1701670766
1936551790
7237486
1701736302
1634758510
1701867374
3916459886
1685221230
7565166
1635020654
1702129518
3916722030
1635086190
1702195054
3916787566
1937076078
1635151726
1702260590
3916853102
1635348334
3917049710
30062
6387054
1767994734
1935766894
1960998254
6649198
15299950
1709798766
1919251822
1936029038
1944679790
2053469550
1936291182
1953068398
7107950
1936487790
7566702
1776902767
1818583663
1953063535
1937072751
25455
1634886511
1701995375
3916587887
6644847
1936024687
1818846575
1718969711
6710895
1701996399
26735
15296623
7170159
1936549999
6646127
1936025967
7139183
1735289199
1953393007
7563631
15297647
1835625583
3916196975
1952804207
1936289135
1953066351
1961782639
28271
1701015151
1701080687
3915673199
7630447
2021224047
1702522479
6647919
1852141679
1936027759
1635020911
1702129775
3916722287
1937076335
29295
1818325615
1700950639
1868853871
1709797999
1936028271
1701278319
1852404335
1701605999
1701671535
1634628207
1701737071
3916329583
7565935
29551
6386543
1767994223
1935766383
1960997743
6648687
15299439
1709798255
1919251311
1936028527
1944679279
2053469039
1970500463
6386932
1767994612
1935766772
1960998132
6649076
15299828
1709798644
1919251700
1936028916
1944679668
2053469428
30063
63855
1684370799
6714735
6911343
15693167
1710191983
1928295791
1945073007
1961850223
1936881007
1953723759
7632239
6649455
1936029295
1852405359
1768846959
1952545135
1801675120
6709616
1701273968
3915866480
1701405040
1852399984
1919508848
1936286064
1961779568
2020172144
7102832
1701601648
1701634672
1768743536
1936482672
1634591344
1701700208
3916292720
7233904
1634623856
1701732720
3916325232
1936613744
1852793200
1634754928
1701863792
1768972656
2037408112
7496048
1634886000
1668440432
1701994864
3916587376
1769103728
1936875888
1953653104
1970430320
7561584
7627120
1635050096
1702158960
3916751472
1769267824
1635148144
1702257008
3916849520
1635344752
1702453616
3917046128
1937334640
1851910512
1969317232
1634493808
3916195184
1701636208
1684956528
1701767792
1852828016
7366000
3916491120
1685218672
1702029424
1769138544
1936876912
1634952560
3916653936
1702094960
1869833584
1635051888
3916753264
1702160496
7693680
1752524144
1819633008
1920296304
1953850736
2020959600
1702553712
1952867952
26736
6908016
26992
1717660016
1851877744
6515056
1633905008
1935894896
6646128
1684367728
1936025968
1969580400
6711664
1634101616
1701210480
3915802992
1936091504
1701276016
3915868528
1634494832
1701603696
3916196208
7235952
1936615792
1852795248
1634756976
1701865840
3916458352
1768974704
1701996912
7563632
3916654960
1702127984
1702259056
1851878512
1952541808
6909040
1634298992
1701407856
3916000368
1936288880
1668246640
1953459312
7695472
1937075312
1953852528
1962634352
1969581680
1818849136
1936289648
2020175728
1701639280
1768714096
1869377392
1684959088
1953394544
1819242352
7368560
1701867376
1668444016
1701998448
1953656688
1634955120
1702063984
3916656496
7630704
1702129520
1937010544
7696240
1718972272
1920298864
2020962160
15299184
1944679024
1944613488
1961521776
1634300528
1701409392
3916001904
1936290416
1953067632
1961783920
2020176496
7303792
1718579824
1936683632
1970238064
6910832
7631728
30064
6387056
1767994736
1935766896
1960998256
6452592
1935832432
1701016944
6649200
15299952
1709798768
1919251824
1936029040
1944679792
2053469552
1936291184
1819047280
1634563440
1634628976
1768846704
1802401136
1701868912
7501168
1701999984
1936881008
7566704
7632240
7666544
1702131056
7959920
1937339760
1767994737
6649201
1818588529
6911345
1768912241
24946
1701011826
3915604338
1633968498
1701077362
3915669874
1701273970
3915866482
6906226
1643078002
1684627826
1701405042
1818845554
1936286066
1634361714
1768644978
1634525810
1701634674
3916227186
1634558322
1701667186
3916259698
1768776050
1735287154
1768841586
2054054258
1634787954
1701896818
3916489330
1953522034
1701994866
7561586
1634951538
1702060402
3916652914
1752392050
7627122
1635017074
1702125938
3916718450
1937006962
1702257010
1769365874
1635344754
1702453618
3917046130
8020338
59762
6416754
1667361138
1768024434
1818356082
1935796594
1961027954
1978099058
4217660786
6678898
15329650
1818618226
1919281522
1936058738
2053499250
6744434
6776178
1768417650
1936156018
1852401010
1936287090
1970038130
7169394
1936549234
1684956530
3916326258
1701767794
1936745842
1970300274
1937007986
1635183218
1702292082
3916884594
1970693490
15296626
1944676466
16017522
1836410994
26994
6383986
1818323314
1935763826
1633970546
1701079410
3915671922
6646130
1818585458
1852139890
1936025970
2053466482
1952868722
1634560370
1701669234
3916261746
1735289202
1634756978
1701865842
3916458354
1634888050
1701996914
7563634
7629170
7663218
1702127986
1635150194
1702259058
3916851570
1702390130
8022386
6451058
1633841010
1700949874
3915542386
1935830898
6516594
1801678706
1935896434
1633972082
1634006130
1701080946
3915673458
1701114994
3915707506
6909810
1936289650
1701639282
1684959090
1634955122
1702063986
3916656498
1769172850
7630706
7664754
1635020658
1702129522
3916722034
1769272434
1937010546
1937044594
1635086194
1702195058
3916787570
1718972274
1769303922
2020962162
30066
6387058
1767994738
1935766898
1960998258
1701082482
6649202
15299954
1709798770
1919251826
1936029042
1944679794
2053469554
1768387954
7566706
1634956658
1702065522
3916658034
1752397170
7632242
1937012082
24947
6513011
1935892851
1634165107
1701273971
15688051
1852399987
1936286067
1945067891
1953063283
3916128627
1768644979
1634492787
1701601651
3916194163
1768710515
1634623859
1735287155
1936613747
1634754931
1701863795
3916456307
1769103731
7561587
4000604531
1718968691
1920295283
1953849715
1702388083
1870160243
1952539507
1634296691
1701405555
3915998067
25971
1969317235
6514035
1935893875
1852401011
7103859
1718379891
1936483699
1634559347
3916260723
1701701747
7234931
3916360051
1936614771
1953391987
7366003
1936745843
1953523059
1634887027
1718773107
1936876915
1953654131
7562611
7628147
1937007987
1819633011
1702291571
1769400691
1702389107
2037933427
1751214195
2003789939
26995
1818323315
6515059
1684367731
1709795699
1852139891
7104883
1869375859
1936484723
1634560371
7498099
1701996915
1936877939
7563635
1702062451
1702127987
1836411251
7891315
4016139091
6908787
1634298739
1701407603
3916000115
1718184819
1936288627
1885957235
2003790963
1735355763
1651469939
6516595
1935896435
1633972083
3915673459
1634103155
6909811
1701408627
1718185843
1852403571
1919512435
1936289651
1953066867
1634365299
7106419
1701605235
1869377395
1936486259
1634561907
7237491
1869508467
1936617331
1953394547
1701998451
1936879475
1953656691
7630707
1937010547
7696243
1702195059
1802858355
1828417395
1937076083
1635348339
1953460339
1918989427
1835365491
1886352499
1668641907
30067
6387059
1767994739
1935766899
1960998259
1768060275
6518131
1642558835
1701016947
3915609459
1935897971
6583667
6649203
15299955
1709798771
1919251827
1936029043
1944679795
2053469555
1701410163
1718187379
1936291187
1953068403
7501171
7535475
1701999987
1702034291
1718777203
1769108851
1936881011
1936915315
7566707
7632243
7666547
1885435763
24948
6513012
1935892852
1952670068
1701405044
1852399988
1936286068
1953063284
1634492788
1668047220
1701601652
3916194164
7233908
1802396020
1936613748
1953390964
1852793204
1634754932
1701863796
3916456308
1768972660
1634886004
1685217652
1701994868
3916587380
1769103732
7561588
1635017076
1635050100
1702158964
3916751476
2020958580
1635279220
1702388084
3916980596
1769496948
25972
59764
1801676148
6645108
1936024948
7038324
1936418164
7103860
3916228980
1819043188
1936483700
1684956532
1970169204
1970202996
7562612
7596404
1953719668
1635051892
3916753268
1702160500
1702161012
1970596468
15296628
1944676468
1852794996
1836673140
1851877748
6515060
1935894900
1852139892
6711668
1936091508
1701276020
1953261940
1936615796
1953393012
1953427060
7498100
1634888052
1701996916
3916589428
1936877940
1634953588
1702062452
3916654964
1769236852
6516596
1935896436
1701277556
6909812
1953066868
1701639284
1970040692
1634561908
1701670772
3916263284
7237492
1684959092
1936617332
7368564
1634758516
1701867380
3916459892
1869639540
1936748404
1685221236
1936879476
1953656692
2037542772
7664756
1869901684
1635086196
1702195060
3916787572
1920298868
1937076084
1953853300
2020962164
1667330676
1835102836
1944613492
6910580
1634300532
1701409396
3916001908
1852404340
1869181556
1885958772
1936290420
1668248180
1886351988
1953460852
1970238068
1668641396
1918989172
30068
6387060
1767994740
1935766900
1960998260
6452596
1633842548
1700951412
3915543924
1935832436
6649204
15299956
1709798772
1919251828
1936029044
1944679796
2053469556
6714740
1936094580
1701737844
1768977780
1668445556
1718777204
7566708
7632244
7666548
1970566516
1634761076
1701869940
3916462452
1869642100
1918990964
1667326581
1702259829
28277
1969319541
6647413
1936027253
6909557
1701408373
1919512181
1936289397
1953066613
1961782901
7564917
1935765621
6648437
1709798005
1936028277
1701278325
1701737077
1937076853
29557
6386549
1767994229
1935766389
1960997749
6648693
15299445
1709798261
1919251317
1936028533
1944679285
2053469045
29813
1818326645
1709799029
24950
1768382838
1852399990
1919508854
1936286070
7102838
1936482678
1970037110
1886216566
7233910
1936613750
1701863798
7496054
1936875894
7561590
1702060406
1953849718
2020958582
1969317238
1969482102
1634003286
1634527862
1684825462
1701636726
3916229238
1869408630
1970038134
1684956534
1953391990
1970169206
7497078
1936876918
1953654134
7662198
1702161014
1869899126
1937042038
1970596470
1718969718
1953850742
2020959606
1635280246
1702389110
3916981622
6383990
1701013878
1633970550
1701079414
3915671926
6646134
1936025974
6711670
1936091510
7104886
1701603702
1936484726
7235958
1634625910
1701734774
3916327286
1936615798
1953393014
1953427062
1668245878
1819240822
1634888054
1701996918
3916589430
7563638
1634953590
1702062454
3916654966
7629174
7663222
1702127990
1702259062
1851878518
1969581942
1701408630
1919512438
1936289654
1953066870
2020175734
7106422
1634496374
1701605238
3916197750
1936486262
1953263478
1768779638
1953394550
7565174
1635020662
1702129526
3916722038
1635086198
1702195062
3916787574
1937076086
1667330678
1767993974
30070
6649206
1936029046
7566710
1953784183
1734961271
7237495
27000
1801675129
7037305
1936417145
1735287161
1685217657
7234937
1936614777
2020959609
7235961
1634168697
1768386425
1701605241
1852399994
1768841594
1969416570
6678906
1936058746
3916228986
1701636218
7234938
1684956538
1869801850
1635052154
1633839482
1700948346
3915540858
6777210
1936157050
1668180346
1769630074
1634627450
1701736314
3916328826
7303034
1836019578
1936682874
7696250
1870294906
7632250
